ACC/unreachable/
Number of Components:
2,3,4,5,6,7,8,9,10,12,14,16,18,20,
Bound:
2,2,2,2,2,2,2,2,2,2,2,2,2,2,
Time cost of InterCheck (s):
0.01,0.03,0.06,0.17,0.44,1.03,2.21,4.3,8.02,25.44,86.46,263.44,621.55,OOT,

Time cost of InterCheck-trg (s):
0.01,0.01,0.02,0.02,0.04,0.05,0.08,0.08,0.11,0.23,0.42,0.89,1.74,4.97,

-----------------------------------------------------------
ACC/reachable/
Number of Components:
2,3,4,5,6,7,8,9,10,12,14,16,18,20,
Bound:
2,2,2,2,2,2,2,2,2,2,2,2,2,2,
Time cost of InterCheck (s):
0.01,0.04,0.18,0.61,1.73,3.08,7.6,10.92,22.96,103.34,293.13,718.47,OOT,OOT,

Time cost of InterCheck-trg (s):
0.01,0.01,0.02,0.03,0.04,0.07,0.08,0.12,0.19,0.38,0.55,1.44,OOT,OOT,

-----------------------------------------------------------
