case/FDDI/reachable/
Number of Components:
2,4,6,8,10,15,20,25,30,35,40,45,50,
Bound:
2,2,2,2,2,2,2,2,2,2,2,2,2,
Time cost of InterCheck (s):
0.01,0.04,0.02,0.03,0.04,0.06,0.1,0.15,0.22,0.29,0.41,0.55,0.68,

Time cost of InterCheck-trg (s):
0.01,0.04,0.02,0.03,0.04,0.07,0.1,0.15,0.21,0.29,0.39,0.54,0.68,

-----------------------------------------------------------
case/FDDI/unreachable/
Number of Components:
2,4,6,8,10,15,20,25,30,35,40,45,50,
Bound:
2,2,2,2,2,2,2,2,2,2,2,2,2,
Time cost of InterCheck (s):
0.01,0.02,0.04,0.04,0.06,0.09,0.14,0.21,0.3,0.45,0.57,0.76,0.95,

Time cost of InterCheck-trg (s):
0.02,0.03,0.02,0.03,0.03,0.09,0.14,0.22,0.3,0.43,0.57,0.76,0.95,

-----------------------------------------------------------
