Lynch/unreachable/
Number of Components:
2,3,4,5,6,7,8,9,10,12,14,16,18,20,
Bound:
6,6,6,6,6,6,6,6,6,6,6,6,6,6,
Time cost of InterCheck (s):
0.04,0.08,0.13,0.19,0.28,0.41,0.56,0.72,1.06,1.75,2.65,3.42,4.85,6.58,

Time cost of InterCheck-trg (s):
0.03,0.06,0.18,0.18,0.66,0.82,1.0,2.1,2.07,3.38,6.53,14.18,22.8,36.31,

-----------------------------------------------------------
Lynch/reachable/
Number of Components:
2,3,4,5,6,7,8,9,10,12,14,16,18,20,
Bound:
6,6,6,6,6,6,6,6,6,6,6,6,6,6,
Time cost of InterCheck (s):
0.01,0.02,0.02,0.02,0.03,0.03,0.04,0.04,0.05,0.06,0.07,0.09,0.11,0.14,

Time cost of InterCheck-trg (s):
0.01,0.02,0.02,0.03,0.03,0.04,0.04,0.04,0.05,0.06,0.07,0.1,0.11,0.14,

-----------------------------------------------------------
