case/NRS/reachable/
Number of Components:
2,3,4,5,6,7,8,9,10,12,14,16,18,20,25,30,
Bound:
4,6,8,10,12,14,16,18,20,24,28,32,36,40,50,60,
Time cost of InterCheck (s):
0.01,0.01,0.03,0.03,0.03,0.03,0.04,0.05,0.06,0.08,0.12,0.31,0.72,1.15,4.97,9.51,

Time cost of InterCheck-trg (s):
0.01,0.01,0.02,0.02,0.03,0.03,0.04,0.05,0.06,0.08,0.12,0.31,0.71,1.15,4.96,9.59,

-----------------------------------------------------------
case/NRS/unreachable/
Number of Components:
2,3,4,5,6,7,8,9,10,15,20,25,
Bound:
4,6,8,10,12,14,16,18,20,30,40,50,
Time cost of InterCheck (s):
0.02,0.05,0.12,0.45,2.17,12.8,98.46,922.22,OOT,OOT,OOT,OOT,

Time cost of InterCheck-trg (s):
0.02,0.04,0.12,0.44,2.17,12.93,99.26,927.01,OOT,OOT,OOT,OOT,

-----------------------------------------------------------
